20
Anabaena_cylindrica_PCC_7122               0.0000000 0.0890798 0.1444287 0.1863182 0.1168532 0.1173771 0.1108220 0.1287970 0.1316959 0.1519489 0.1535016 0.0752457 0.0745650 0.0911503 0.0756178 0.0725875 0.0295082 0.0254480 0.0241343 0.0279307 
Nostoc_sp_CENA543                          0.0890798 0.0000000 0.1128376 0.1588941 0.0787312 0.0900887 0.0678978 0.0836108 0.0818314 0.1108535 0.1423959 0.0671434 0.0627861 0.0703330 0.0735258 0.0662521 0.0946871 0.0909092 0.0955662 0.1011342 
Calothrix_rhizosoleniae_SC01               0.1444287 0.1128376 0.0000000 0.1463974 0.1117422 0.1281566 0.1184066 0.1364070 0.1424123 0.1570670 0.1792505 0.1309918 0.1272802 0.1317568 0.1443776 0.1379123 0.1506239 0.1514152 0.1527348 0.1516502 
Richelia_intracellularis_HH01              0.1863182 0.1588941 0.1463974 0.0000000 0.1587873 0.1625245 0.1614136 0.1722084 0.1711066 0.2061815 0.2223146 0.1726024 0.1641264 0.1703680 0.1718075 0.1721039 0.1923724 0.1950916 0.1953264 0.1926518 
Chlorogloeopsis_fritschii_PCC_9212         0.1168532 0.0787312 0.1117422 0.1587873 0.0000000 0.0506966 0.0714145 0.0964145 0.0879798 0.1114629 0.1334340 0.0861422 0.0861949 0.0902270 0.1019281 0.0943376 0.1257039 0.1270209 0.1236044 0.1279386 
Fischerella_sp_NIES_4106                   0.1173771 0.0900887 0.1281566 0.1625245 0.0506966 0.0000000 0.0828448 0.1115991 0.1042416 0.1233437 0.1437397 0.0938348 0.0975674 0.0982288 0.1022549 0.0987407 0.1264265 0.1293392 0.1260720 0.1265601 
Tolypothrix_bouteillei_VB521301            0.1108220 0.0678978 0.1184066 0.1614136 0.0714145 0.0828448 0.0000000 0.0820095 0.0935590 0.1114713 0.1412650 0.0933651 0.0906849 0.0892806 0.1005466 0.0943782 0.1141089 0.1157068 0.1185093 0.1199941 
Chroococcidiopsis_thermalis_PCC_7203       0.1287970 0.0836108 0.1364070 0.1722084 0.0964145 0.1115991 0.0820095 0.0000000 0.0813196 0.1150211 0.1396898 0.1091741 0.1067720 0.0985272 0.1099442 0.1030271 0.1320420 0.1278983 0.1319039 0.1378571 
Peltula.bin.10                             0.1316959 0.0818314 0.1424123 0.1711066 0.0879798 0.1042416 0.0935590 0.0813196 0.0000000 0.0854276 0.1139200 0.0987196 0.0969927 0.0884833 0.1069762 0.1006087 0.1357329 0.1358509 0.1381524 0.1421667 
Gloeocapsa_sp_PCC_7428                     0.1519489 0.1108535 0.1570670 0.2061815 0.1114629 0.1233437 0.1114713 0.1150211 0.0854276 0.0000000 0.1172748 0.1231682 0.1190659 0.1154677 0.1327046 0.1284896 0.1554137 0.1582950 0.1622317 0.1605751 
Synechocystis_sp_PCC_7509                  0.1535016 0.1423959 0.1792505 0.2223146 0.1334340 0.1437397 0.1412650 0.1396898 0.1139200 0.1172748 0.0000000 0.1359331 0.1363305 0.1435389 0.1424997 0.1381275 0.1591900 0.1630081 0.1625869 0.1627395 
Calothrix_sp_NIES_2100                     0.0752457 0.0671434 0.1309918 0.1726024 0.0861422 0.0938348 0.0933651 0.1091741 0.0987196 0.1231682 0.1359331 0.0000000 0.0230118 0.0473897 0.0460463 0.0411950 0.0901436 0.0830880 0.0854156 0.0911118 
Tolypothrix_tenuis_PCC_7101                0.0745650 0.0627861 0.1272802 0.1641264 0.0861949 0.0975674 0.0906849 0.1067720 0.0969927 0.1190659 0.1363305 0.0230118 0.0000000 0.0514752 0.0502775 0.0475052 0.0845764 0.0841359 0.0856553 0.0838651 
Fortiea_contorta_PCC_7126                  0.0911503 0.0703330 0.1317568 0.1703680 0.0902270 0.0982288 0.0892806 0.0985272 0.0884833 0.1154677 0.1435389 0.0473897 0.0514752 0.0000000 0.0674316 0.0577407 0.0970037 0.0935212 0.0972893 0.1021141 
JL23bin6                                   0.0756178 0.0735258 0.1443776 0.1718075 0.1019281 0.1022549 0.1005466 0.1099442 0.1069762 0.1327046 0.1424997 0.0460463 0.0502775 0.0674316 0.0000000 0.0203141 0.0827677 0.0786345 0.0824932 0.0860776 
Nostoc_sp_B_2019                           0.0725875 0.0662521 0.1379123 0.1721039 0.0943376 0.0987407 0.0943782 0.1030271 0.1006087 0.1284896 0.1381275 0.0411950 0.0475052 0.0577407 0.0203141 0.0000000 0.0817223 0.0747683 0.0814689 0.0864684 
Anabaena_sp_WA113                          0.0295082 0.0946871 0.1506239 0.1923724 0.1257039 0.1264265 0.1141089 0.1320420 0.1357329 0.1554137 0.1591900 0.0901436 0.0845764 0.0970037 0.0827677 0.0817223 0.0000000 0.0163946 0.0229379 0.0282186 
Dolichospermum_planctonicum_strain_NIES_80 0.0254480 0.0909092 0.1514152 0.1950916 0.1270209 0.1293392 0.1157068 0.1278983 0.1358509 0.1582950 0.1630081 0.0830880 0.0841359 0.0935212 0.0786345 0.0747683 0.0163946 0.0000000 0.0130229 0.0313486 
Cuspidothrix_issatschenkoi_CHARLIE_1       0.0241343 0.0955662 0.1527348 0.1953264 0.1236044 0.1260720 0.1185093 0.1319039 0.1381524 0.1622317 0.1625869 0.0854156 0.0856553 0.0972893 0.0824932 0.0814689 0.0229379 0.0130229 0.0000000 0.0328294 
Trichormus_variabilis_PCC_6309             0.0279307 0.1011342 0.1516502 0.1926518 0.1279386 0.1265601 0.1199941 0.1378571 0.1421667 0.1605751 0.1627395 0.0911118 0.0838651 0.1021141 0.0860776 0.0864684 0.0282186 0.0313486 0.0328294 0.0000000 
