20
Anabaena_cylindrica_PCC_7122               0.0000000 0.1801633 0.3361590 0.4607055 0.2562662 0.2587564 0.2440875 0.2839994 0.2973532 0.3531338 0.3647433 0.1530589 0.1537943 0.1980159 0.1561212 0.1464592 0.0586418 0.0493368 0.0459408 0.0521256 
Nostoc_sp_CENA543                          0.1801633 0.0000000 0.2522830 0.3900724 0.1634103 0.1921514 0.1412957 0.1719824 0.1730106 0.2432455 0.3206413 0.1321504 0.1210838 0.1452162 0.1472010 0.1310749 0.1968605 0.1852022 0.1958957 0.2098052 
Calothrix_rhizosoleniae_SC01               0.3361590 0.2522830 0.0000000 0.3476075 0.2509798 0.2941683 0.2701081 0.3071654 0.3345004 0.3726741 0.4317053 0.2941312 0.2835824 0.3027035 0.3354844 0.3128656 0.3576032 0.3510474 0.3565165 0.3573385 
Richelia_intracellularis_HH01              0.4607055 0.3900724 0.3476075 0.0000000 0.3938438 0.3994880 0.3927322 0.4251115 0.4383510 0.5205016 0.5876543 0.4168740 0.3978721 0.4287484 0.4305728 0.4227696 0.4905636 0.4935581 0.4945239 0.4843339 
Chlorogloeopsis_fritschii_PCC_9212         0.2562662 0.1634103 0.2509798 0.3938438 0.0000000 0.1002877 0.1517132 0.2043916 0.1909840 0.2535605 0.2999480 0.1813914 0.1783764 0.1896410 0.2159705 0.1982313 0.2734580 0.2713365 0.2700339 0.2805293 
Fischerella_sp_NIES_4106                   0.2587564 0.1921514 0.2941683 0.3994880 0.1002877 0.0000000 0.1725483 0.2403750 0.2268789 0.2921086 0.3302391 0.1989395 0.2037522 0.2144559 0.2222792 0.2113218 0.2826068 0.2841008 0.2760204 0.2794037 
Tolypothrix_bouteillei_VB521301            0.2440875 0.1412957 0.2701081 0.3927322 0.1517132 0.1725483 0.0000000 0.1698828 0.2095017 0.2486737 0.3264905 0.1979639 0.1869356 0.1909154 0.2188720 0.2026921 0.2574305 0.2570627 0.2648172 0.2681033 
Chroococcidiopsis_thermalis_PCC_7203       0.2839994 0.1719824 0.3071654 0.4251115 0.2043916 0.2403750 0.1698828 0.0000000 0.1741315 0.2571605 0.3122070 0.2325135 0.2219474 0.2117380 0.2391728 0.2210742 0.2947693 0.2794865 0.2932246 0.3127130 
Peltula.bin.10                             0.2973532 0.1730106 0.3345004 0.4383510 0.1909840 0.2268789 0.2095017 0.1741315 0.0000000 0.1934247 0.2469270 0.2080113 0.2031066 0.1852401 0.2286515 0.2123533 0.3066013 0.3029080 0.3141869 0.3264302 
Gloeocapsa_sp_PCC_7428                     0.3531338 0.2432455 0.3726741 0.5205016 0.2535605 0.2921086 0.2486737 0.2571605 0.1934247 0.0000000 0.2651660 0.2744935 0.2584282 0.2548924 0.3020318 0.2915970 0.3668756 0.3681914 0.3795114 0.3778615 
Synechocystis_sp_PCC_7509                  0.3647433 0.3206413 0.4317053 0.5876543 0.2999480 0.3302391 0.3264905 0.3122070 0.2469270 0.2651660 0.0000000 0.3064787 0.3043665 0.3238992 0.3236580 0.3082844 0.3736472 0.3767203 0.3833584 0.3849543 
Calothrix_sp_NIES_2100                     0.1530589 0.1321504 0.2941312 0.4168740 0.1813914 0.1989395 0.1979639 0.2325135 0.2080113 0.2744935 0.3064787 0.0000000 0.0432504 0.0963043 0.0887731 0.0791493 0.1890821 0.1725486 0.1763721 0.1879114 
Tolypothrix_tenuis_PCC_7101                0.1537943 0.1210838 0.2835824 0.3978721 0.1783764 0.2037522 0.1869356 0.2219474 0.2031066 0.2584282 0.3043665 0.0432504 0.0000000 0.1032858 0.0984154 0.0937700 0.1806997 0.1768504 0.1785578 0.1742661 
Fortiea_contorta_PCC_7126                  0.1980159 0.1452162 0.3027035 0.4287484 0.1896410 0.2144559 0.1909154 0.2117380 0.1852401 0.2548924 0.3238992 0.0963043 0.1032858 0.0000000 0.1380589 0.1188998 0.2145683 0.2054101 0.2139195 0.2241327 
JL23bin6                                   0.1561212 0.1472010 0.3354844 0.4305728 0.2159705 0.2222792 0.2188720 0.2391728 0.2286515 0.3020318 0.3236580 0.0887731 0.0984154 0.1380589 0.0000000 0.0368437 0.1753247 0.1625153 0.1726152 0.1840387 
Nostoc_sp_B_2019                           0.1464592 0.1310749 0.3128656 0.4227696 0.1982313 0.2113218 0.2026921 0.2210742 0.2123533 0.2915970 0.3082844 0.0791493 0.0937700 0.1188998 0.0368437 0.0000000 0.1670973 0.1511002 0.1669651 0.1786329 
Anabaena_sp_WA113                          0.0586418 0.1968605 0.3576032 0.4905636 0.2734580 0.2826068 0.2574305 0.2947693 0.3066013 0.3668756 0.3736472 0.1890821 0.1806997 0.2145683 0.1753247 0.1670973 0.0000000 0.0305175 0.0427991 0.0544432 
Dolichospermum_planctonicum_strain_NIES_80 0.0493368 0.1852022 0.3510474 0.4935581 0.2713365 0.2841008 0.2570627 0.2794865 0.3029080 0.3681914 0.3767203 0.1725486 0.1768504 0.2054101 0.1625153 0.1511002 0.0305175 0.0000000 0.0233710 0.0614129 
Cuspidothrix_issatschenkoi_CHARLIE_1       0.0459408 0.1958957 0.3565165 0.4945239 0.2700339 0.2760204 0.2648172 0.2932246 0.3141869 0.3795114 0.3833584 0.1763721 0.1785578 0.2139195 0.1726152 0.1669651 0.0427991 0.0233710 0.0000000 0.0623569 
Trichormus_variabilis_PCC_6309             0.0521256 0.2098052 0.3573385 0.4843339 0.2805293 0.2794037 0.2681033 0.3127130 0.3264302 0.3778615 0.3849543 0.1879114 0.1742661 0.2241327 0.1840387 0.1786329 0.0544432 0.0614129 0.0623569 0.0000000 
