20
Anabaena_cylindrica_PCC_7122               0.0000000 0.0888767 0.1433008 0.1824778 0.1184734 0.1180035 0.1100434 0.1280645 0.1308792 0.1479199 0.1496758 0.0765636 0.0754961 0.0931878 0.0762510 0.0743495 0.0310951 0.0267616 0.0253321 0.0282080 
Nostoc_sp_CENA543                          0.0888767 0.0000000 0.1144710 0.1595839 0.0788954 0.0909639 0.0676089 0.0838527 0.0826280 0.1089144 0.1385155 0.0669846 0.0626258 0.0723513 0.0731301 0.0673333 0.0961283 0.0915304 0.0956487 0.1016810 
Calothrix_rhizosoleniae_SC01               0.1433008 0.1144710 0.0000000 0.1472223 0.1137339 0.1293111 0.1185409 0.1360126 0.1412629 0.1536710 0.1745362 0.1308317 0.1272783 0.1336760 0.1454102 0.1399201 0.1489086 0.1490790 0.1500843 0.1498253 
Richelia_intracellularis_HH01              0.1824778 0.1595839 0.1472223 0.0000000 0.1596493 0.1602675 0.1584184 0.1717122 0.1715918 0.1997040 0.2166949 0.1690236 0.1618125 0.1696923 0.1699987 0.1699248 0.1900858 0.1922230 0.1898022 0.1894847 
Chlorogloeopsis_fritschii_PCC_9212         0.1184734 0.0788954 0.1137339 0.1596493 0.0000000 0.0515292 0.0724394 0.0955874 0.0871432 0.1099312 0.1313307 0.0874449 0.0869756 0.0915909 0.1010834 0.0944232 0.1240182 0.1244529 0.1231567 0.1264445 
Fischerella_sp_NIES_4106                   0.1180035 0.0909639 0.1293111 0.1602675 0.0515292 0.0000000 0.0815777 0.1099845 0.1028557 0.1227206 0.1408026 0.0945152 0.0971647 0.0993416 0.1038195 0.0990229 0.1249049 0.1269599 0.1245342 0.1249375 
Tolypothrix_bouteillei_VB521301            0.1100434 0.0676089 0.1185409 0.1584184 0.0724394 0.0815777 0.0000000 0.0811532 0.0941624 0.1094344 0.1396339 0.0927547 0.0896304 0.0900072 0.1002902 0.0942718 0.1152440 0.1154298 0.1177940 0.1191327 
Chroococcidiopsis_thermalis_PCC_7203       0.1280645 0.0838527 0.1360126 0.1717122 0.0955874 0.1099845 0.0811532 0.0000000 0.0827106 0.1152451 0.1359215 0.1084983 0.1053918 0.1002581 0.1095519 0.1022190 0.1306175 0.1262855 0.1313949 0.1376782 
Peltula.bin.10                             0.1308792 0.0826280 0.1412629 0.1715918 0.0871432 0.1028557 0.0941624 0.0827106 0.0000000 0.0874233 0.1098444 0.0958884 0.0951978 0.0872752 0.1045121 0.0984817 0.1342774 0.1331411 0.1363295 0.1403219 
Gloeocapsa_sp_PCC_7428                     0.1479199 0.1089144 0.1536710 0.1997040 0.1099312 0.1227206 0.1094344 0.1152451 0.0874233 0.0000000 0.1145932 0.1195823 0.1148845 0.1117776 0.1290657 0.1259582 0.1530390 0.1548759 0.1585892 0.1569338 
Synechocystis_sp_PCC_7509                  0.1496758 0.1385155 0.1745362 0.2166949 0.1313307 0.1408026 0.1396339 0.1359215 0.1098444 0.1145932 0.0000000 0.1318011 0.1315039 0.1376403 0.1366988 0.1323614 0.1528797 0.1554435 0.1561739 0.1549111 
Calothrix_sp_NIES_2100                     0.0765636 0.0669846 0.1308317 0.1690236 0.0874449 0.0945152 0.0927547 0.1084983 0.0958884 0.1195823 0.1318011 0.0000000 0.0241406 0.0495514 0.0472476 0.0427403 0.0914595 0.0844670 0.0861438 0.0913595 
Tolypothrix_tenuis_PCC_7101                0.0754961 0.0626258 0.1272783 0.1618125 0.0869756 0.0971647 0.0896304 0.1053918 0.0951978 0.1148845 0.1315039 0.0241406 0.0000000 0.0537048 0.0510831 0.0493715 0.0875349 0.0861268 0.0863984 0.0843255 
Fortiea_contorta_PCC_7126                  0.0931878 0.0723513 0.1336760 0.1696923 0.0915909 0.0993416 0.0900072 0.1002581 0.0872752 0.1117776 0.1376403 0.0495514 0.0537048 0.0000000 0.0684393 0.0603161 0.1003305 0.0960857 0.0984181 0.1035183 
JL23bin6                                   0.0762510 0.0731301 0.1454102 0.1699987 0.1010834 0.1038195 0.1002902 0.1095519 0.1045121 0.1290657 0.1366988 0.0472476 0.0510831 0.0684393 0.0000000 0.0207177 0.0839618 0.0792740 0.0827571 0.0866181 
Nostoc_sp_B_2019                           0.0743495 0.0673333 0.1399201 0.1699248 0.0944232 0.0990229 0.0942718 0.1022190 0.0984817 0.1259582 0.1323614 0.0427403 0.0493715 0.0603161 0.0207177 0.0000000 0.0835229 0.0765678 0.0829859 0.0876686 
Anabaena_sp_WA113                          0.0310951 0.0961283 0.1489086 0.1900858 0.1240182 0.1249049 0.1152440 0.1306175 0.1342774 0.1530390 0.1528797 0.0914595 0.0875349 0.1003305 0.0839618 0.0835229 0.0000000 0.0172212 0.0233805 0.0290630 
Dolichospermum_planctonicum_strain_NIES_80 0.0267616 0.0915304 0.1490790 0.1922230 0.1244529 0.1269599 0.1154298 0.1262855 0.1331411 0.1548759 0.1554435 0.0844670 0.0861268 0.0960857 0.0792740 0.0765678 0.0172212 0.0000000 0.0131885 0.0324815 
Cuspidothrix_issatschenkoi_CHARLIE_1       0.0253321 0.0956487 0.1500843 0.1898022 0.1231567 0.1245342 0.1177940 0.1313949 0.1363295 0.1585892 0.1561739 0.0861438 0.0863984 0.0984181 0.0827571 0.0829859 0.0233805 0.0131885 0.0000000 0.0330716 
Trichormus_variabilis_PCC_6309             0.0282080 0.1016810 0.1498253 0.1894847 0.1264445 0.1249375 0.1191327 0.1376782 0.1403219 0.1569338 0.1549111 0.0913595 0.0843255 0.1035183 0.0866181 0.0876686 0.0290630 0.0324815 0.0330716 0.0000000 
