20
Anabaena_cylindrica_PCC_7122               0.0000000 0.0899978 0.1460676 0.1887503 0.1182245 0.1186833 0.1118980 0.1303541 0.1331811 0.1535526 0.1554233 0.0759973 0.0752392 0.0920364 0.0764010 0.0733089 0.0297733 0.0256832 0.0243562 0.0281828 
Nostoc_sp_CENA543                          0.0899978 0.0000000 0.1140566 0.1605322 0.0795581 0.0910050 0.0684827 0.0844245 0.0826354 0.1118821 0.1440600 0.0677796 0.0633327 0.0709186 0.0742175 0.0668504 0.0956053 0.0918105 0.0965237 0.1021313 
Calothrix_rhizosoleniae_SC01               0.1460676 0.1140566 0.0000000 0.1479242 0.1129068 0.1294787 0.1195017 0.1378590 0.1439474 0.1586873 0.1811917 0.1324514 0.1285626 0.1331088 0.1458840 0.1393563 0.1522746 0.1531369 0.1544715 0.1532515 
Richelia_intracellularis_HH01              0.1887503 0.1605322 0.1479242 0.0000000 0.1605441 0.1641809 0.1630212 0.1739560 0.1728526 0.2083137 0.2250657 0.1746238 0.1658196 0.1721770 0.1737005 0.1739794 0.1946657 0.1975540 0.1977583 0.1950456 
Chlorogloeopsis_fritschii_PCC_9212         0.1182245 0.0795581 0.1129068 0.1605441 0.0000000 0.0511945 0.0720487 0.0974174 0.0888249 0.1124963 0.1349436 0.0870683 0.0870717 0.0911226 0.1029661 0.0952901 0.1271426 0.1284750 0.1250295 0.1293378 
Fischerella_sp_NIES_4106                   0.1186833 0.0910050 0.1294787 0.1641809 0.0511945 0.0000000 0.0836041 0.1126956 0.1052379 0.1244973 0.1453879 0.0948255 0.0985358 0.0991567 0.1032255 0.0996714 0.1278118 0.1307616 0.1274405 0.1278488 
Tolypothrix_bouteillei_VB521301            0.1118980 0.0684827 0.1195017 0.1630212 0.0720487 0.0836041 0.0000000 0.0827401 0.0943305 0.1124472 0.1426926 0.0942318 0.0914660 0.0899947 0.1014517 0.0952266 0.1152264 0.1168622 0.1197509 0.1211986 
Chroococcidiopsis_thermalis_PCC_7203       0.1303541 0.0844245 0.1378590 0.1739560 0.0974174 0.1126956 0.0827401 0.0000000 0.0821535 0.1161157 0.1413090 0.1103709 0.1078593 0.0994885 0.1112130 0.1041839 0.1335903 0.1294716 0.1335646 0.1394941 
Peltula.bin.10                             0.1331811 0.0826354 0.1439474 0.1728526 0.0888249 0.1052379 0.0943305 0.0821535 0.0000000 0.0862128 0.1151898 0.0997780 0.0979616 0.0893220 0.1080836 0.1016148 0.1372459 0.1373560 0.1397033 0.1436918 
Gloeocapsa_sp_PCC_7428                     0.1535526 0.1118821 0.1586873 0.2083137 0.1124963 0.1244973 0.1124472 0.1161157 0.0862128 0.0000000 0.1184367 0.1244168 0.1200889 0.1165445 0.1340153 0.1297237 0.1570285 0.1600044 0.1639710 0.1621984 
Synechocystis_sp_PCC_7509                  0.1554233 0.1440600 0.1811917 0.2250657 0.1349436 0.1453879 0.1426926 0.1413090 0.1151898 0.1184367 0.0000000 0.1376958 0.1377958 0.1452273 0.1442884 0.1397915 0.1611739 0.1650517 0.1645846 0.1645976 
Calothrix_sp_NIES_2100                     0.0759973 0.0677796 0.1324514 0.1746238 0.0870683 0.0948255 0.0942318 0.1103709 0.0997780 0.1244168 0.1376958 0.0000000 0.0231956 0.0477899 0.0464801 0.0415667 0.0910497 0.0839318 0.0862792 0.0920121 
Tolypothrix_tenuis_PCC_7101                0.0752392 0.0633327 0.1285626 0.1658196 0.0870717 0.0985358 0.0914660 0.1078593 0.0979616 0.1200889 0.1377958 0.0231956 0.0000000 0.0518735 0.0507132 0.0479082 0.0853102 0.0849175 0.0864497 0.0845819 
Fortiea_contorta_PCC_7126                  0.0920364 0.0709186 0.1331088 0.1721770 0.0911226 0.0991567 0.0899947 0.0994885 0.0893220 0.1165445 0.1452273 0.0477899 0.0518735 0.0000000 0.0680333 0.0582389 0.0979146 0.0944274 0.0982470 0.1031055 
JL23bin6                                   0.0764010 0.0742175 0.1458840 0.1737005 0.1029661 0.1032255 0.1014517 0.1112130 0.1080836 0.1340153 0.1442884 0.0464801 0.0507132 0.0680333 0.0000000 0.0204957 0.0836060 0.0794224 0.0833367 0.0869527 
Nostoc_sp_B_2019                           0.0733089 0.0668504 0.1393563 0.1739794 0.0952901 0.0996714 0.0952266 0.1041839 0.1016148 0.1297237 0.1397915 0.0415667 0.0479082 0.0582389 0.0204957 0.0000000 0.0825267 0.0755026 0.0822847 0.0873241 
Anabaena_sp_WA113                          0.0297733 0.0956053 0.1522746 0.1946657 0.1271426 0.1278118 0.1152264 0.1335903 0.1372459 0.1570285 0.1611739 0.0910497 0.0853102 0.0979146 0.0836060 0.0825267 0.0000000 0.0165315 0.0231278 0.0284416 
Dolichospermum_planctonicum_strain_NIES_80 0.0256832 0.0918105 0.1531369 0.1975540 0.1284750 0.1307616 0.1168622 0.1294716 0.1373560 0.1600044 0.1650517 0.0839318 0.0849175 0.0944274 0.0794224 0.0755026 0.0165315 0.0000000 0.0131306 0.0316132 
Cuspidothrix_issatschenkoi_CHARLIE_1       0.0243562 0.0965237 0.1544715 0.1977583 0.1250295 0.1274405 0.1197509 0.1335646 0.1397033 0.1639710 0.1645846 0.0862792 0.0864497 0.0982470 0.0833367 0.0822847 0.0231278 0.0131306 0.0000000 0.0331047 
Trichormus_variabilis_PCC_6309             0.0281828 0.1021313 0.1532515 0.1950456 0.1293378 0.1278488 0.1211986 0.1394941 0.1436918 0.1621984 0.1645976 0.0920121 0.0845819 0.1031055 0.0869527 0.0873241 0.0284416 0.0316132 0.0331047 0.0000000 
